1,a sdba,5251,312
1,dwa,212,0
32762,,1737339443,4.59093e-41
32762,,1737339443,4.59093e-41
32762,,1737339443,4.59093e-41
32762,,1737339443,4.59093e-41
32762,,1737339443,4.59093e-41
32762,,1737339443,4.59093e-41
32762,,1737339443,4.59093e-41
32762,,1737339443,4.59093e-41
32762,,1737339443,4.59093e-41
32762,,1737339443,4.59093e-41
32762,,1737339443,4.59093e-41
32762,,1737339443,4.59093e-41
32762,,1737339443,4.59093e-41
32762,,1737339443,4.59093e-41
32762,,1737339443,4.59093e-41
32762,,1737339443,4.59093e-41
32762,,1737339443,4.59093e-41
32762,,1737339443,4.59093e-41
32762,,1737339443,4.59093e-41
32762,,1737339443,4.59093e-41
32762,,1737339443,4.59093e-41
32762,,1737339443,4.59093e-41
32762,,1737339443,4.59093e-41
32762,,1737339443,4.59093e-41
32762,,1737339443,4.59093e-41
32762,,1737339443,4.59093e-41
32762,,1737339443,4.59093e-41
32762,,1737339443,4.59093e-41
32762,,1737339443,4.59093e-41
32762,,1737339443,4.59093e-41
32762,,1737339443,4.59093e-41
32762,,1737339443,4.59093e-41
32762,,1737339443,4.59093e-41
32762,,1737339443,4.59093e-41
32762,,1737339443,4.59093e-41
32762,,1737339443,4.59093e-41
32762,,1737339443,4.59093e-41
32762,,1737339443,4.59093e-41
32762,,1737339443,4.59093e-41
32762,,1737339443,4.59093e-41
32762,,1737339443,4.59093e-41
32762,,1737339443,4.59093e-41
32762,,1737339443,4.59093e-41
32762,,1737339443,4.59093e-41
32762,,1737339443,4.59093e-41
32762,,1737339443,4.59093e-41
32762,,1737339443,4.59093e-41
32762,,1737339443,4.59093e-41
32762,,1737339443,4.59093e-41
32762,,1737339443,4.59093e-41
32762,,1737339443,4.59093e-41
32762,,1737339443,4.59093e-41
32762,,1737339443,4.59093e-41
32762,,1737339443,4.59093e-41
32762,,1737339443,4.59093e-41
32762,,1737339443,4.59093e-41
32762,,1737339443,4.59093e-41
32762,,1737339443,4.59093e-41
32762,,1737339443,4.59093e-41
32762,,1737339443,4.59093e-41
32762,,1737339443,4.59093e-41
32762,,1737339443,4.59093e-41
32762,,1737339443,4.59093e-41
32762,,1737339443,4.59093e-41
32762,,1737339443,4.59093e-41
32762,,1737339443,4.59093e-41
32762,,1737339443,4.59093e-41
32762,,1737339443,4.59093e-41
32762,,1737339443,4.59093e-41
32762,,1737339443,4.59093e-41
32762,,1737339443,4.59093e-41
32762,,1737339443,4.59093e-41
32762,,1737339443,4.59093e-41
32762,,1737339443,4.59093e-41
32762,,1737339443,4.59093e-41
32762,,1737339443,4.59093e-41
32762,,1737339443,4.59093e-41
32762,,1737339443,4.59093e-41
32762,,1737339443,4.59093e-41
32762,,1737339443,4.59093e-41
32762,,1737339443,4.59093e-41
32762,,1737339443,4.59093e-41
32762,,1737339443,4.59093e-41
32762,,1737339443,4.59093e-41
32762,,1737339443,4.59093e-41
32762,,1737339443,4.59093e-41
32762,,1737339443,4.59093e-41
32762,,1737339443,4.59093e-41
32762,,1737339443,4.59093e-41
32762,,1737339443,4.59093e-41
32762,,1737339443,4.59093e-41
32762,,1737339443,4.59093e-41
32762,,1737339443,4.59093e-41
32762,,1737339443,4.59093e-41
32762,,1737339443,4.59093e-41
32762,,1737339443,4.59093e-41
32762,,1737339443,4.59093e-41
32762,,1737339443,4.59093e-41
32762,,1737339443,4.59093e-41
